acc_2_3125= [0.6429866666666667, 0.6442666666666667, 0.6458666666666667, 0.6500266666666666, 0.6536533333333333, 0.65056, 0.6512, 0.6516266666666667, 0.65344, 0.6514133333333333, 0.6513066666666667, 0.6557866666666666, 0.6528, 0.6494933333333334, 0.65024, 0.6509866666666667, 0.64608, 0.63872, 0.6373333333333333, 0.61696]
acc_2_6225= [0.65344, 0.65072, 0.65248, 0.64912, 0.65248, 0.65216, 0.65488, 0.648, 0.65168, 0.65152, 0.65376, 0.65488, 0.65056, 0.64976, 0.65472, 0.652, 0.6496, 0.64112, 0.6312, 0.62112]
acc_2_9375= [0.66144, 0.664, 0.66624, 0.66816, 0.66976, 0.6704, 0.67392, 0.66944, 0.67264, 0.67968, 0.67872, 0.67872, 0.68096, 0.68, 0.67072, 0.664, 0.66304, 0.66624, 0.6608, 0.6416]