acc_3_3125= [0.66592, 0.6621866666666667, 0.66304, 0.6648533333333333, 0.66784, 0.6676266666666667, 0.6680533333333334, 0.6680533333333334, 0.66784, 0.6632533333333334, 0.65984, 0.6587733333333333, 0.6554666666666666, 0.6577066666666667, 0.6552533333333334, 0.6529066666666666, 0.6430933333333333, 0.6381866666666667, 0.63008, 0.6157866666666667]
acc_3_6250= [0.64608, 0.64576, 0.6488, 0.65136, 0.65296, 0.6536, 0.65392, 0.65344, 0.65296, 0.66064, 0.66176, 0.66128, 0.65936, 0.66032, 0.66064, 0.65536, 0.64944, 0.64496, 0.63776, 0.61632]
acc_3_9375= [0.64928, 0.64544, 0.64992, 0.65184, 0.65696, 0.66304, 0.66816, 0.67168, 0.67296, 0.66848, 0.6688, 0.6688, 0.67008, 0.6688, 0.66656, 0.66112, 0.66176, 0.66112, 0.64384, 0.6288]