acc_4_3125= [0.6343466666666666, 0.6330666666666667, 0.63296, 0.6309333333333333, 0.6318933333333333, 0.6331733333333334, 0.63328, 0.6357333333333334, 0.6378666666666667, 0.6375466666666667, 0.6370133333333333, 0.6395733333333333, 0.6350933333333333, 0.6402133333333333, 0.63904, 0.64096, 0.6427733333333333, 0.6359466666666667, 0.6263466666666667, 0.6133333333333333]
acc_4_6250= [0.63264, 0.6344, 0.63536, 0.63808, 0.63872, 0.6432, 0.6424, 0.64432, 0.64608, 0.64896, 0.65168, 0.65568, 0.65824, 0.65728, 0.65616, 0.65536, 0.65056, 0.64848, 0.63968, 0.61856]
acc_4_9375= [0.65952, 0.66016, 0.66432, 0.66912, 0.6704, 0.66816, 0.6672, 0.66752, 0.6688, 0.66784, 0.67008, 0.67168, 0.67296, 0.6592, 0.65728, 0.6592, 0.64928, 0.64736, 0.64864, 0.63168]

prom2 = [statistics.mean(k) for k in zip(acc_1_9375, acc_2_9375, acc_3_9375, acc_4_9375)]