k = list(range(10,100,10))
k.reverse()
acc_1_3125= [0.6494933333333334, 0.6488533333333333, 0.6468266666666667, 0.6478933333333333, 0.64832, 0.6513066666666667, 0.6506666666666666, 0.6496, 0.6501333333333333, 0.6488533333333333, 0.64768, 0.6440533333333334, 0.64768, 0.6519466666666667, 0.6555733333333333, 0.6497066666666667, 0.64352, 0.6368, 0.6231466666666666, 0.6069333333333333]
acc_1_6225= [0.64208, 0.64336, 0.64464, 0.64416, 0.64752, 0.6488, 0.65088, 0.65584, 0.65184, 0.65872, 0.65664, 0.6568, 0.66048, 0.65984, 0.66064, 0.66304, 0.6584, 0.65856, 0.65488, 0.63008]
acc_1_9375= [0.64224, 0.64512, 0.64544, 0.64864, 0.6544, 0.65152, 0.65248, 0.66048, 0.65696, 0.6608, 0.66624, 0.65792, 0.6528, 0.65216, 0.65024, 0.65408, 0.6528, 0.648, 0.64064, 0.61632]