it 0
acc0_120=[0.65408, 0.65408, 0.65536, 0.65504, 0.656, 0.65248, 0.65152, 0.65472, 0.65312, 0.65376, 0.65664, 0.65696, 0.6592, 0.65792, 0.6592, 0.65664, 0.66272, 0.66144, 0.6608, 0.6576, 0.65888, 0.66048, 0.66464, 0.6656, 0.66656, 0.66592, 0.66784, 0.66752, 0.66816, 0.66592, 0.6672, 0.66496, 0.66848, 0.66368, 0.66432, 0.66208, 0.66144, 0.66272, 0.664, 0.65952, 0.66624, 0.66144, 0.6688, 0.66624, 0.67072, 0.66464, 0.6688, 0.66144, 0.66176, 0.66048, 0.66272, 0.65984, 0.66048, 0.65568, 0.65888, 0.65664, 0.66144, 0.66144, 0.66176, 0.64832, 0.64544, 0.64576, 0.65024, 0.62944]
acc0_100=[0.65696, 0.6576, 0.65888, 0.65376, 0.65792, 0.65792, 0.66144, 0.65984, 0.66272, 0.65856, 0.66336, 0.65888, 0.6624, 0.66144, 0.66528, 0.66304, 0.66624, 0.6624, 0.66528, 0.6592, 0.66336, 0.66048, 0.6656, 0.66496, 0.66848, 0.66528, 0.66528, 0.66208, 0.66688, 0.66304, 0.66624, 0.66656, 0.66944, 0.66464, 0.66688, 0.66592, 0.66656, 0.66496, 0.66656, 0.66464, 0.66272, 0.66304, 0.664, 0.66624, 0.66368, 0.65664, 0.66144, 0.65824, 0.66368, 0.65664, 0.66048, 0.66016, 0.66208, 0.65344, 0.65856, 0.65568, 0.65632, 0.65184, 0.65248, 0.65152, 0.65184, 0.64128, 0.64064, 0.62176]
acc0_80=[0.65504, 0.65408, 0.65664, 0.65632, 0.65376, 0.65536, 0.65568, 0.65696, 0.6576, 0.65664, 0.65824, 0.65728, 0.65952, 0.66208, 0.66272, 0.664, 0.66784, 0.66464, 0.66656, 0.66464, 0.66656, 0.66592, 0.67008, 0.66944, 0.6736, 0.67168, 0.6752, 0.67456, 0.67232, 0.67104, 0.67328, 0.66688, 0.66912, 0.66496, 0.66464, 0.6672, 0.66624, 0.66816, 0.66976, 0.66656, 0.67296, 0.67168, 0.67008, 0.66272, 0.66624, 0.66208, 0.6656, 0.6656, 0.66368, 0.66112, 0.66528, 0.66016, 0.66496, 0.65728, 0.65984, 0.65536, 0.65568, 0.65184, 0.64896, 0.64768, 0.65536, 0.64736, 0.64768, 0.63712]
acc0_60=[0.6624, 0.66272, 0.6592, 0.6592, 0.66048, 0.66016, 0.65888, 0.6608, 0.65824, 0.6608, 0.66272, 0.66112, 0.66496, 0.664, 0.664, 0.66528, 0.6672, 0.66848, 0.66784, 0.66976, 0.6704, 0.6656, 0.6672, 0.66816, 0.67136, 0.6688, 0.6704, 0.67072, 0.66944, 0.66752, 0.66848, 0.66816, 0.67008, 0.66656, 0.6688, 0.66624, 0.66944, 0.66752, 0.66624, 0.66528, 0.66784, 0.66112, 0.6608, 0.66528, 0.6656, 0.66784, 0.66272, 0.66656, 0.66464, 0.6624, 0.65504, 0.6624, 0.6608, 0.66016, 0.6528, 0.65248, 0.65632, 0.65088, 0.65248, 0.6496, 0.65632, 0.64608, 0.64352, 0.63072]
acc0_40=[0.65312, 0.65312, 0.65184, 0.6544, 0.65376, 0.65216, 0.65536, 0.64736, 0.65024, 0.64608, 0.65216, 0.64608, 0.65184, 0.65216, 0.65184, 0.65056, 0.65056, 0.64864, 0.65216, 0.65184, 0.65184, 0.65152, 0.64896, 0.64672, 0.64768, 0.64768, 0.6496, 0.65248, 0.65088, 0.64736, 0.64512, 0.64608, 0.64608, 0.64576, 0.64704, 0.65152, 0.65056, 0.65408, 0.65184, 0.6512, 0.6544, 0.65344, 0.6528, 0.65824, 0.65472, 0.6544, 0.65312, 0.65216, 0.65632, 0.65344, 0.64864, 0.64352, 0.65536, 0.64768, 0.65152, 0.64576, 0.65056, 0.64064, 0.64704, 0.63936, 0.64864, 0.63584, 0.62848, 0.6192]

acc0=[acc0_120,acc0_100,acc0_80,acc0_60,acc0_40]