it 2
acc2_120=[0.65952, 0.65728, 0.65888, 0.656, 0.66112, 0.65472, 0.65376, 0.65248, 0.65728, 0.6544, 0.65728, 0.65248, 0.65504, 0.6512, 0.65504, 0.65344, 0.65568, 0.6544, 0.65408, 0.65088, 0.65504, 0.65376, 0.65408, 0.65312, 0.6576, 0.65472, 0.65728, 0.656, 0.65952, 0.66208, 0.664, 0.6576, 0.66048, 0.6624, 0.66272, 0.664, 0.66368, 0.66336, 0.67232, 0.66496, 0.6624, 0.66144, 0.66272, 0.6624, 0.66528, 0.66336, 0.6624, 0.66464, 0.66112, 0.66048, 0.66048, 0.6592, 0.65856, 0.65728, 0.65472, 0.65024, 0.65408, 0.64864, 0.6496, 0.6432, 0.64896, 0.64288, 0.64704, 0.64]
acc2_100=[0.66208, 0.66016, 0.65792, 0.65632, 0.65472, 0.65376, 0.65408, 0.65312, 0.65376, 0.65536, 0.65856, 0.65344, 0.65824, 0.6528, 0.65632, 0.65376, 0.65248, 0.65344, 0.65536, 0.65664, 0.65984, 0.65824, 0.65632, 0.65728, 0.6592, 0.65856, 0.6608, 0.65792, 0.65856, 0.6576, 0.65728, 0.65728, 0.6608, 0.6592, 0.66176, 0.6592, 0.66208, 0.66304, 0.66656, 0.66656, 0.6688, 0.66752, 0.66912, 0.66144, 0.66368, 0.65984, 0.66752, 0.66112, 0.6608, 0.65472, 0.65984, 0.66336, 0.65824, 0.65984, 0.65696, 0.65952, 0.66144, 0.64928, 0.65248, 0.64864, 0.6496, 0.64448, 0.64512, 0.632]
acc2_80=[0.65984, 0.65664, 0.6576, 0.66048, 0.66176, 0.66176, 0.66336, 0.66176, 0.66112, 0.66016, 0.6624, 0.65888, 0.66176, 0.65792, 0.65888, 0.65952, 0.65888, 0.65504, 0.65664, 0.65888, 0.656, 0.6576, 0.66016, 0.65632, 0.65824, 0.65632, 0.65824, 0.65792, 0.6624, 0.66176, 0.6592, 0.65984, 0.66016, 0.66112, 0.66208, 0.66048, 0.66624, 0.65984, 0.6624, 0.66272, 0.664, 0.66016, 0.66272, 0.65792, 0.66144, 0.6592, 0.65888, 0.66016, 0.65984, 0.66144, 0.66144, 0.65472, 0.66592, 0.66048, 0.6656, 0.6608, 0.6608, 0.65664, 0.66016, 0.65312, 0.65472, 0.64992, 0.6448, 0.6368]
acc2_60=[0.6608, 0.6624, 0.66144, 0.6624, 0.65856, 0.66176, 0.66432, 0.66464, 0.66528, 0.66624, 0.66336, 0.6608, 0.6608, 0.65856, 0.66144, 0.65792, 0.65632, 0.65536, 0.65984, 0.65376, 0.65824, 0.656, 0.65728, 0.656, 0.65696, 0.6576, 0.66208, 0.66272, 0.66368, 0.66048, 0.66144, 0.66432, 0.66336, 0.6608, 0.66112, 0.65792, 0.66208, 0.65984, 0.66176, 0.66112, 0.656, 0.65792, 0.65792, 0.66016, 0.6608, 0.66176, 0.66208, 0.66112, 0.6592, 0.66176, 0.66272, 0.66688, 0.66336, 0.66176, 0.6608, 0.65504, 0.656, 0.6544, 0.65568, 0.65184, 0.65408, 0.64544, 0.64352, 0.6432]
acc2_40=[0.6464, 0.64768, 0.64576, 0.64384, 0.6448, 0.63968, 0.64704, 0.64768, 0.64672, 0.64864, 0.648, 0.65216, 0.65184, 0.64768, 0.64896, 0.64576, 0.64544, 0.64896, 0.6496, 0.65312, 0.65056, 0.6496, 0.65024, 0.65024, 0.6496, 0.64768, 0.65088, 0.6528, 0.65056, 0.648, 0.64576, 0.64576, 0.64032, 0.64576, 0.6464, 0.64928, 0.6432, 0.64256, 0.64192, 0.63904, 0.63808, 0.63904, 0.64096, 0.64672, 0.64832, 0.64512, 0.64832, 0.64256, 0.64672, 0.64096, 0.64384, 0.64512, 0.64416, 0.64448, 0.63904, 0.63616, 0.64224, 0.63744, 0.63424, 0.63488, 0.64, 0.62976, 0.62912, 0.62336]
acc2=[acc2_120,acc2_100,acc2_80,acc2_60,acc2_40]