it 4
acc4_120=[0.696, 0.6944, 0.6944, 0.69184, 0.69344, 0.68928, 0.69312, 0.68992, 0.69504, 0.69472, 0.69504, 0.69088, 0.69184, 0.68832, 0.6896, 0.68928, 0.68928, 0.69056, 0.6944, 0.69184, 0.69504, 0.69088, 0.6928, 0.69408, 0.68896, 0.69184, 0.69568, 0.69152, 0.696, 0.69344, 0.6992, 0.69568, 0.69664, 0.69376, 0.69568, 0.69536, 0.69504, 0.6912, 0.68832, 0.68608, 0.68864, 0.68544, 0.68928, 0.69024, 0.68864, 0.68192, 0.67808, 0.68128, 0.68576, 0.68384, 0.67456, 0.6704, 0.66912, 0.66688, 0.6736, 0.66976, 0.67072, 0.66272, 0.66688, 0.66048, 0.66304, 0.65184, 0.64992, 0.63392]
acc4_100=[0.69184, 0.69216, 0.69216, 0.69344, 0.69792, 0.69664, 0.69632, 0.69472, 0.69248, 0.6928, 0.69376, 0.6928, 0.69408, 0.69568, 0.6944, 0.69344, 0.69472, 0.69504, 0.69344, 0.69792, 0.69888, 0.6944, 0.69504, 0.69504, 0.696, 0.69312, 0.696, 0.6912, 0.6944, 0.6912, 0.69376, 0.68992, 0.69216, 0.6896, 0.69408, 0.69184, 0.69632, 0.69152, 0.69376, 0.6912, 0.69024, 0.68768, 0.69248, 0.68928, 0.68928, 0.68576, 0.68896, 0.6816, 0.68544, 0.67904, 0.67904, 0.67904, 0.67488, 0.67648, 0.67584, 0.67648, 0.6704, 0.66592, 0.66976, 0.65856, 0.65888, 0.65184, 0.6544, 0.64576]
acc4_80=[0.68992, 0.69056, 0.69184, 0.68864, 0.68864, 0.69024, 0.6896, 0.68992, 0.69056, 0.68768, 0.6896, 0.6912, 0.69216, 0.6912, 0.69344, 0.6928, 0.69664, 0.69344, 0.69536, 0.69248, 0.68896, 0.68896, 0.68992, 0.69184, 0.68992, 0.68576, 0.69024, 0.68416, 0.68384, 0.68352, 0.68256, 0.68352, 0.68992, 0.6912, 0.68768, 0.68448, 0.68928, 0.68864, 0.69056, 0.69216, 0.69536, 0.68928, 0.6928, 0.68352, 0.6896, 0.688, 0.68832, 0.68576, 0.6864, 0.68864, 0.68288, 0.67584, 0.68032, 0.67488, 0.672, 0.672, 0.66784, 0.66752, 0.66944, 0.66464, 0.66848, 0.65792, 0.64768, 0.64064]
acc4_60=[0.68768, 0.68576, 0.68384, 0.68672, 0.68544, 0.68832, 0.68864, 0.688, 0.68672, 0.68768, 0.69056, 0.68832, 0.68896, 0.68544, 0.6864, 0.68576, 0.68576, 0.68352, 0.68384, 0.6848, 0.68896, 0.68512, 0.68864, 0.68512, 0.688, 0.68736, 0.68512, 0.6848, 0.6864, 0.6816, 0.68544, 0.6848, 0.68064, 0.6816, 0.68416, 0.68608, 0.69152, 0.68896, 0.6896, 0.69536, 0.69152, 0.69152, 0.68864, 0.688, 0.688, 0.6928, 0.68832, 0.68704, 0.68512, 0.68512, 0.67936, 0.67296, 0.67264, 0.67616, 0.66784, 0.66976, 0.66624, 0.6592, 0.66496, 0.65664, 0.65984, 0.65216, 0.648, 0.63616]
acc4_40=[0.68064, 0.67936, 0.6768, 0.67712, 0.68064, 0.67744, 0.67584, 0.67584, 0.67616, 0.6752, 0.67712, 0.6736, 0.67648, 0.67808, 0.67488, 0.67424, 0.67552, 0.672, 0.67616, 0.67168, 0.6768, 0.67264, 0.6768, 0.67264, 0.67328, 0.67264, 0.67616, 0.67136, 0.66944, 0.66848, 0.66976, 0.67136, 0.6688, 0.66944, 0.66688, 0.66752, 0.67104, 0.67456, 0.67776, 0.6752, 0.67072, 0.66496, 0.664, 0.66752, 0.67008, 0.66464, 0.67104, 0.6656, 0.66624, 0.66208, 0.6592, 0.6608, 0.66016, 0.65888, 0.66656, 0.66688, 0.6624, 0.6592, 0.65856, 0.6512, 0.65312, 0.64128, 0.648, 0.6288]
acc4= [acc4_120,acc4_100,acc4_80,acc4_60,acc4_40]