it 3
acc3_120=[0.68896, 0.68448, 0.6864, 0.68672, 0.688, 0.68736, 0.68416, 0.68352, 0.68704, 0.68448, 0.6848, 0.68384, 0.6816, 0.68448, 0.68288, 0.68512, 0.68256, 0.68288, 0.6816, 0.68416, 0.67904, 0.67936, 0.67936, 0.6816, 0.67616, 0.68448, 0.68032, 0.68128, 0.67872, 0.6784, 0.67776, 0.6784, 0.67968, 0.6784, 0.67776, 0.68032, 0.67808, 0.67616, 0.67808, 0.67552, 0.67584, 0.67488, 0.67488, 0.6688, 0.67296, 0.66976, 0.66976, 0.66528, 0.66688, 0.66208, 0.66592, 0.66176, 0.65696, 0.66016, 0.66624, 0.65728, 0.65824, 0.66208, 0.65536, 0.65344, 0.65344, 0.65408, 0.648, 0.62656]
acc3_100=[0.68672, 0.6848, 0.68512, 0.68544, 0.68864, 0.68576, 0.6848, 0.68736, 0.6896, 0.69248, 0.688, 0.68928, 0.6848, 0.68384, 0.68544, 0.68448, 0.68736, 0.68672, 0.6864, 0.6864, 0.69184, 0.68736, 0.68512, 0.68096, 0.68704, 0.68288, 0.68352, 0.68448, 0.68, 0.6784, 0.67872, 0.6816, 0.67744, 0.67936, 0.67392, 0.6768, 0.67648, 0.67488, 0.67392, 0.67328, 0.67904, 0.67744, 0.67424, 0.67264, 0.6752, 0.67296, 0.67136, 0.66912, 0.6656, 0.66432, 0.66656, 0.66336, 0.65952, 0.6608, 0.66432, 0.66112, 0.66656, 0.664, 0.6624, 0.65792, 0.65952, 0.65312, 0.65792, 0.63776]
acc3_80=[0.68928, 0.68928, 0.68896, 0.68928, 0.69024, 0.68832, 0.6896, 0.69024, 0.69152, 0.69184, 0.69216, 0.69184, 0.69216, 0.6912, 0.6912, 0.6896, 0.68864, 0.68768, 0.6928, 0.69344, 0.6912, 0.6896, 0.69184, 0.68832, 0.6848, 0.6848, 0.68224, 0.6896, 0.68896, 0.688, 0.68416, 0.68704, 0.68512, 0.68384, 0.68352, 0.67968, 0.6816, 0.68192, 0.68384, 0.68032, 0.67872, 0.6784, 0.67936, 0.67648, 0.67296, 0.66944, 0.66976, 0.66592, 0.66656, 0.6624, 0.66368, 0.66144, 0.66784, 0.66208, 0.66144, 0.66688, 0.66368, 0.656, 0.66464, 0.65504, 0.65664, 0.64384, 0.65376, 0.64128]
acc3_60=[0.68416, 0.68384, 0.68448, 0.6864, 0.68832, 0.68736, 0.68704, 0.68224, 0.6816, 0.68224, 0.68544, 0.68224, 0.68288, 0.6832, 0.68128, 0.67392, 0.68256, 0.68032, 0.68256, 0.68096, 0.68288, 0.68, 0.6832, 0.68224, 0.67904, 0.68032, 0.67808, 0.6816, 0.67968, 0.6816, 0.68, 0.67936, 0.6784, 0.6768, 0.68096, 0.6784, 0.67904, 0.67744, 0.67808, 0.67904, 0.67744, 0.67808, 0.67904, 0.67648, 0.67808, 0.67616, 0.67616, 0.67744, 0.68096, 0.6768, 0.67584, 0.66944, 0.67168, 0.66528, 0.66528, 0.66304, 0.66752, 0.66848, 0.65984, 0.65216, 0.66144, 0.65728, 0.648, 0.63968]
acc3_40=[0.67712, 0.68032, 0.67744, 0.67552, 0.6784, 0.67616, 0.67616, 0.67808, 0.67744, 0.67456, 0.67232, 0.67168, 0.67296, 0.6768, 0.67744, 0.67456, 0.6752, 0.67296, 0.6752, 0.6768, 0.67776, 0.67488, 0.67712, 0.67392, 0.67488, 0.672, 0.67136, 0.672, 0.67456, 0.67712, 0.6736, 0.67648, 0.67328, 0.67136, 0.672, 0.66976, 0.67392, 0.67488, 0.67776, 0.67328, 0.67296, 0.67104, 0.6688, 0.66944, 0.67328, 0.67072, 0.6704, 0.66656, 0.67008, 0.672, 0.66816, 0.66848, 0.66208, 0.66528, 0.66208, 0.66048, 0.65504, 0.65696, 0.65056, 0.65088, 0.64896, 0.64704, 0.64224, 0.63104]
acc3= [acc3_120,acc3_100,acc3_80,acc3_60,acc3_40]