it 1
acc1_120=[0.6816, 0.6784, 0.67904, 0.67616, 0.67648, 0.67488, 0.67712, 0.67456, 0.67744, 0.67808, 0.67968, 0.67872, 0.6784, 0.67968, 0.68128, 0.67552, 0.67424, 0.67904, 0.67744, 0.67712, 0.67808, 0.68128, 0.67872, 0.68096, 0.68448, 0.68224, 0.6816, 0.68064, 0.6848, 0.67936, 0.68096, 0.68256, 0.68384, 0.6816, 0.67744, 0.67456, 0.68192, 0.68384, 0.68864, 0.67936, 0.68384, 0.68032, 0.67968, 0.6816, 0.68448, 0.68, 0.68384, 0.67904, 0.67968, 0.67424, 0.67264, 0.66976, 0.66912, 0.66272, 0.66816, 0.664, 0.67008, 0.6592, 0.65568, 0.6544, 0.65056, 0.64896, 0.6512, 0.63456]
acc1_100=[0.6816, 0.67712, 0.67968, 0.6784, 0.68096, 0.67872, 0.68416, 0.68192, 0.68256, 0.6816, 0.68384, 0.68064, 0.6848, 0.6864, 0.68384, 0.68064, 0.6864, 0.68352, 0.6832, 0.6832, 0.68576, 0.68672, 0.68832, 0.68736, 0.68736, 0.68416, 0.68448, 0.68672, 0.68512, 0.68384, 0.6832, 0.68512, 0.68096, 0.68, 0.68064, 0.67936, 0.68256, 0.67136, 0.6768, 0.67136, 0.67872, 0.67488, 0.67648, 0.67584, 0.68096, 0.67488, 0.67424, 0.67584, 0.6768, 0.66816, 0.66816, 0.66464, 0.67072, 0.66432, 0.66496, 0.65728, 0.66752, 0.65696, 0.66144, 0.65312, 0.6608, 0.65056, 0.64736, 0.64384]
acc1_80=[0.67936, 0.68096, 0.68352, 0.68096, 0.68, 0.6816, 0.6832, 0.68096, 0.68, 0.67776, 0.67968, 0.67904, 0.68128, 0.67744, 0.68256, 0.67936, 0.68032, 0.67936, 0.6816, 0.68, 0.67648, 0.67872, 0.68032, 0.68032, 0.6832, 0.68128, 0.68224, 0.68064, 0.67744, 0.67808, 0.67648, 0.67616, 0.67776, 0.67456, 0.67936, 0.6736, 0.67968, 0.6752, 0.67584, 0.67424, 0.6784, 0.67008, 0.67168, 0.66912, 0.67264, 0.67424, 0.67936, 0.67328, 0.67552, 0.672, 0.67232, 0.66944, 0.66496, 0.66304, 0.65984, 0.65856, 0.66688, 0.65312, 0.65728, 0.6512, 0.65408, 0.6576, 0.6512, 0.64832]
acc1_60=[0.68384, 0.68672, 0.68736, 0.68448, 0.68384, 0.68256, 0.68576, 0.68672, 0.68416, 0.68064, 0.68448, 0.68256, 0.67968, 0.68, 0.68256, 0.67904, 0.68192, 0.68, 0.68096, 0.6848, 0.68576, 0.68064, 0.68096, 0.68128, 0.68096, 0.67648, 0.67648, 0.67616, 0.68096, 0.67936, 0.6816, 0.68032, 0.6784, 0.67488, 0.67232, 0.67392, 0.6752, 0.66976, 0.67136, 0.66688, 0.66848, 0.66912, 0.67552, 0.67392, 0.6784, 0.67424, 0.67392, 0.67136, 0.67264, 0.6688, 0.6688, 0.6592, 0.66816, 0.66784, 0.66656, 0.6656, 0.66592, 0.65856, 0.66752, 0.66176, 0.67072, 0.65856, 0.65408, 0.64992]
acc1_40=[0.66912, 0.67168, 0.67488, 0.672, 0.67456, 0.67648, 0.67584, 0.66912, 0.66848, 0.66592, 0.66912, 0.66944, 0.66656, 0.66816, 0.66816, 0.66752, 0.67168, 0.66912, 0.66848, 0.6704, 0.67232, 0.672, 0.67616, 0.66976, 0.67264, 0.67072, 0.67328, 0.66656, 0.67072, 0.66624, 0.67008, 0.67168, 0.67264, 0.67104, 0.66976, 0.66592, 0.66688, 0.66944, 0.67328, 0.67168, 0.67552, 0.66592, 0.6736, 0.6688, 0.66624, 0.66272, 0.67168, 0.66624, 0.6624, 0.66304, 0.6672, 0.66144, 0.66112, 0.65952, 0.65824, 0.64544, 0.65408, 0.6496, 0.64576, 0.648, 0.64832, 0.64672, 0.64096, 0.64128]
acc1= [acc1_120,acc1_100,acc1_80,acc1_60,acc1_40]